sample	assay_date	genotype	replicate	7epiZ	9HZ	9H10epoZ
20150821_14_1	20150821	14	1	0.030812015	0.026540959	0.028527689
20150821_14_2	20150821	14	2	0.033539297	0.030440833	0.058386317
20150821_14_3	20150821	14	3	0.014871794	0.024042077	0.02233001
20150821_18_1	20150821	18	1	0.020159026	0	0
20150821_18_2	20150821	18	2	0.092876869	0	0
20150821_18_3	20150821	18	3	0.065264257	0	0
20150821_18_4	20150821	18	4	0.149081289	0	0
20150821_30_1	20150821	30	1	0.146931607	0.13151288	0.341340141
20150821_30_2	20150821	30	2	0.036214798	0.030570919	0.05521798
20150821_30_4	20150821	30	4	0.030212735	0.041726183	0.086719273
20150821_34_1	20150821	34	1	0.101161248	0.094529001	0.210294269
20150821_34_2	20150821	34	2	0.036684584	0.034027299	0.075965914
20150821_34_3	20150821	34	3	0.022754639	0.019830834	0.056506957
20150821_35_1	20150821	35	1	0.031195726	0.029900231	0.044771919
20150821_35_3	20150821	35	3	0.019311735	0.019565515	0.036131811
20150821_35_4	20150821	35	4	0.023702769	0.02556181	0.02532943
20150821_PI127826_1	20150821	PI127826	1	0.882649484	1.166468288	0.314174267
20150821_PI127826_2	20150821	PI127826	2	0.285814152	0.2525139	0.125228042
20150821_PI127826_4	20150821	PI127826	4	0.408393134	0.420425012	0.30806089
20150821_LA2167_1	20150821	LA2167	1	0.816399282	0.312955697	0.84426792
20150821_LA2167_2	20150821	LA2167	2	0.35093852	0.35653581	0.264982175
20150821_LA2167_3	20150821	LA2167	3	0.739419038	0.416827217	0.762904459
20150821_C32_1	20150821	C32	1	0	0	0
20150821_C32_2	20150821	C32	2	0	0	0
20150821_C32_3	20150821	C32	3	0	0	0